1421936895
-15973992
842273535
-16777132
-1056440320
1812004864
1879113728
906035200
1426128896
1912668160
-1811873792
1962999808
-2147418112
1946222592
1795227648
2046885888
1107361792
-2063532032
1895890944
1459683328
906035200
1006698496
234946560
-1409220608
2030108672
1895890944
-1644101632
1895890944
-2147418112
838926336
956366848
1962999808
1124139008
302055424
973144064
1560346624
100728832
469827584
788594688
67174400
738263040
-201326592
855703552
1090584576
436273152
302055424
973144064
83951616
805371904
201392128
-234881024
469827584
65536
419495936
-503316480
234946560
-385875968
671154176
-117440512
-301989888
486604800
402718720
-369098752
-369098752
-788529152
-184549376
-436207616
436273152
201392128
-570425344
-100663296
1073807360
-301989888
201392128
419561472
1962999808
-2147418112
1946222592
1795227648
2046885888
1107361792
-2063532032
1895890944
1459683328
906035200
1006698496
234946560
-1409220608
2030108672
1895890944
-1644101632
1895890944
-2147418112
838926336
956366848
1962999808
1124139008
302055424
973144064
1560346624
100728832
469827584
788594688
67174400
738263040
-201326592
855703552
1090584576
436273152
302055424
973144064
83951616
805371904
201392128
-234881024
469827584
65536
419495936
-503316480
234946560
-385875968
671154176
-117440512
-301989888
486604800
402718720
-369098752
-369098752
-788529152
-184549376
-436207616
436273152
201392128
-570425344
-100663296
1073807360
-301989888
201392128
419561472
755105792
-67043328
436338688
604110848
1006764032
469893120
537001984
620888064
1023541248
553779200
235012096
234946560
-1409220608
2030108672
1895890944
-1644101632
1895890944
-2147418112
838926336
956366848
1962999808
1124139008
302055424
973144064
1560346624
100728832
469827584
788594688
67174400
738263040
-201326592
855703552
1090584576
436273152
302055424
973144064
83951616
805371904
201392128
-234881024
469827584
65536
419495936
-503316480
234946560
-385875968
671154176
-117440512
-301989888
486604800
402718720
-369098752
-369098752
-788529152
-184549376
-436207616
436273152
201392128
-570425344
-100663296
1073807360
1426128896
1912668160
-1811873792
1962999808
-2147418112
1946222592
1795227648
2046885888
1107361792
-2063532032
1895890944
1459683328
906035200
1006698496
234946560
-1409220608
2030108672
1895890944
-1644101632
1895890944
-2147418112
838926336
956366848
1962999808
1124139008
302055424
973144064
1560346624
100728832
469827584
788594688
67174400
738263040
-201326592
855703552
1090584576
436273152
302055424
973144064
83951616
805371904
201392128
-234881024
469827584
65536
419495936
-503316480
234946560
-385875968
671154176
-117440512
-301989888
486604800
402718720
-369098752
-369098752
-788529152
-184549376
-436207616
436273152
201392128
-570425344
-100663296
1073807360
-301989888
201392128
419561472
755105792
-67043328
436338688
604110848
1006764032
469893120
537001984
620888064
1459683328
906035200
1006698496
234946560
-1409220608
2030108672
1895890944
-1644101632
1895890944
-2147418112
838926336
956366848
1962999808
1124139008
302055424
973144064
1560346624
100728832
469827584
788594688
67174400
738263040
-201326592
855703552
1090584576
436273152
302055424
973144064
83951616
805371904
201392128
-234881024
469827584
65536
419495936
-503316480
234946560
-385875968
671154176
-117440512
-301989888
486604800
402718720
-369098752
-369098752
-788529152
-184549376
-436207616
436273152
201392128
1812004864
1879113728
906035200
1426128896
1912668160
-1811873792
1962999808
-2147418112
1946222592
1795227648
2046885888
1107361792
-2063532032
1895890944
1459683328
906035200
1006698496
234946560
-1409220608
2030108672
1895890944
-1644101632
1895890944
-2147418112
838926336
956366848
1962999808
1124139008
302055424
973144064
1560346624
100728832
469827584
788594688
67174400
738263040
-201326592
855703552
1090584576
436273152
302055424
973144064
83951616
805371904
201392128
-234881024
469827584
65536
419495936
-503316480
234946560
-385875968
671154176
-117440512
-301989888
486604800
402718720
-369098752
-369098752
-788529152
-184549376
-436207616
436273152
201392128
-570425344
-100663296
1073807360
-301989888
201392128
419561472
755105792
-67043328
436338688
604110848
1006764032
1107361792
-2063532032
1895890944
1459683328
906035200
1006698496
234946560
-1409220608
2030108672
1895890944
-1644101632
1895890944
-2147418112
838926336
956366848
1962999808
1124139008
302055424
973144064
1560346624
100728832
469827584
788594688
67174400
738263040
-201326592
855703552
1090584576
436273152
302055424
973144064
83951616
805371904
201392128
-234881024
469827584
65536
419495936
-503316480
234946560
-385875968
671154176
-117440512
-301989888
486604800
402718720
-369098752
-369098752
-788529152
-184549376
842273535
-16777132
-1056440320
1812004864
1879113728
906035200
1426128896
1912668160
-1811873792
1962999808
-2147418112
1946222592
1795227648
2046885888
1107361792
-2063532032
1895890944
1459683328
906035200
1006698496
234946560
-1409220608
2030108672
1895890944
-1644101632
1895890944
-2147418112
838926336
956366848
1962999808
1124139008
302055424
973144064
1560346624
100728832
469827584
788594688
67174400
738263040
-201326592
855703552
1090584576
436273152
302055424
973144064
83951616
805371904
201392128
-234881024
469827584
65536
419495936
-503316480
234946560
-385875968
671154176
-117440512
-301989888
486604800
402718720
-369098752
-369098752
-788529152
-184549376
-436207616
436273152
201392128
-570425344
-100663296
1073807360
-301989888
201392128
419561472
755105792
-67043328
1946222592
1795227648
2046885888
1107361792
-2063532032
1895890944
1459683328
906035200
1006698496
234946560
-1409220608
2030108672
1895890944
-1644101632
1895890944
-2147418112
838926336
956366848
1962999808
1124139008
302055424
973144064
1560346624
100728832
469827584
788594688
67174400
738263040
-201326592
855703552
1090584576
436273152
302055424
973144064
83951616
805371904
201392128
-234881024
469827584
65536
419495936
-503316480
234946560
-385875968
671154176
-117440512
-301989888
486604800
402718720
-369098752
-369098752
-788529152
-184549376
-436207616
436273152
201392128
-570425344
-100663296
1073807360
-301989888
201392128
419561472
755105792
-67043328
436338688
604110848
1006764032
469893120
537001984
620888064
1023541248
553779200
235012096
-285147136
1157758976
2030108672
1895890944
-1644101632
1895890944
-2147418112
838926336
956366848
1962999808
1124139008
302055424
973144064
1560346624
100728832
469827584
788594688
67174400
738263040
-201326592
855703552
1090584576
436273152
302055424
973144064
83951616
805371904
201392128
-234881024
469827584
65536
419495936
-503316480
234946560
-385875968
671154176
-117440512
-301989888
486604800
402718720
-369098752
-369098752
-788529152
-184549376
-436207616
436273152
201392128
-570425344
-100663296
1073807360
-301989888
201392128
-1811873792
1962999808
-2147418112
1946222592
1795227648
2046885888
1107361792
-2063532032
1895890944
1459683328
906035200
1006698496
234946560
-1409220608
2030108672
1895890944
-1644101632
1895890944
-2147418112
838926336
956366848
1962999808
1124139008
302055424
973144064
1560346624
100728832
469827584
788594688
67174400
738263040
-201326592
855703552
1090584576
436273152
302055424
973144064
83951616
805371904
201392128
-234881024
469827584
65536
419495936
-503316480
234946560
-385875968
671154176
-117440512
-301989888
486604800
402718720
-369098752
-369098752
-788529152
-184549376
-436207616
436273152
201392128
-570425344
-100663296
1073807360
-301989888
201392128
419561472
755105792
-67043328
436338688
604110848
1006764032
469893120
537001984
620888064
1023541248
553779200
1006698496
234946560
-1409220608
2030108672
1895890944
-1644101632
1895890944
-2147418112
838926336
956366848
1962999808
1124139008
302055424
973144064
1560346624
100728832
469827584
788594688
67174400
738263040
-201326592
855703552
1090584576
436273152
302055424
973144064
83951616
805371904
201392128
-234881024
469827584
65536
419495936
-503316480
234946560
-385875968
671154176
-117440512
-301989888
486604800
402718720
-369098752
-369098752
-788529152
-184549376
-436207616
436273152
201392128
-570425344
-100663296
906035200
1426128896
1912668160
-1811873792
1962999808
-2147418112
1946222592
1795227648
2046885888
1107361792
-2063532032
1895890944
1459683328
906035200
1006698496
234946560
-1409220608
2030108672
1895890944
-1644101632
1895890944
-2147418112
838926336
956366848
1962999808
1124139008
302055424
973144064
1560346624
100728832
469827584
788594688
67174400
738263040
-201326592
855703552
1090584576
436273152
302055424
973144064
83951616
805371904
201392128
-234881024
469827584
65536
419495936
-503316480
234946560
-385875968
671154176
-117440512
-301989888
486604800
402718720
-369098752
-369098752
-788529152
-184549376
-436207616
436273152
201392128
-570425344
-100663296
1073807360
-301989888
201392128
419561472
755105792
-67043328
436338688
604110848
1006764032
469893120
537001984
1895890944
1459683328
906035200
1006698496
234946560
-1409220608
2030108672
1895890944
-1644101632
1895890944
-2147418112
838926336
956366848
1962999808
1124139008
302055424
973144064
1560346624
100728832
469827584
788594688
67174400
738263040
-201326592
855703552
1090584576
436273152
302055424
973144064
83951616
805371904
201392128
-234881024
469827584
65536
419495936
-503316480
234946560
-385875968
671154176
-117440512
-301989888
486604800
402718720
-369098752
-369098752
-788529152
-184549376
-436207616
436273152
-1056440320
1812004864
1879113728
906035200
1426128896
1912668160
-1811873792
1962999808
-2147418112
1946222592
1795227648
2046885888
1107361792
-2063532032
1895890944
1459683328
906035200
1006698496
234946560
-1409220608
2030108672
1895890944
-1644101632
1895890944
-2147418112
838926336
956366848
1962999808
1124139008
302055424
973144064
1560346624
100728832
469827584
788594688
67174400
738263040
-201326592
855703552
1090584576
436273152
302055424
973144064
83951616
805371904
201392128
-234881024
469827584
65536
419495936
-503316480
234946560
-385875968
671154176
-117440512
-301989888
486604800
402718720
-369098752
-369098752
-788529152
-184549376
-436207616
436273152
201392128
-570425344
-100663296
1073807360
-301989888
201392128
419561472
755105792
-67043328
436338688
604110848
2046885888
1107361792
-2063532032
1895890944
1459683328
906035200
1006698496
234946560
-1409220608
2030108672
1895890944
-1644101632
1895890944
-2147418112
838926336
956366848
1962999808
1124139008
302055424
973144064
1560346624
100728832
469827584
788594688
67174400
738263040
-201326592
855703552
1090584576
436273152
302055424
973144064
83951616
805371904
201392128
-234881024
469827584
65536
419495936
-503316480
234946560
-385875968
671154176
-117440512
-301989888
486604800
402718720
-369098752
-369098752
-788529152
-15973992
842273535
-16777132
-1056440320
1812004864
1879113728
906035200
1426128896
1912668160
-1811873792
1962999808
-2147418112
1946222592
1795227648
2046885888
1107361792
-2063532032
1895890944
1459683328
906035200
1006698496
234946560
-1409220608
2030108672
1895890944
-1644101632
1895890944
-2147418112
838926336
956366848
1962999808
1124139008
