-1066933
-1081459
-1088559
-1090377
-1091808
-1091441
-1092556
-1093984
-1095525
-1097120
-1098393
-1097087
-1093493
-1092151
-1093561
-1095070
-1095362
-1097646
-1098904
-1098767
-1098991
-1095778
-1094520
-1095504
-1097509
-1098901
-1099680
-1098272
-1097039
-1095818
-1094371
-1095327
-1096372
-1096629
-1098423
-1098772
-1101089
-1100331
-1099510
-1097490
-1098140
-1099327
-1099824
-1100040
-1100545
-1101159
-1099565
-1096849
-1096594
-1098180
-1097087
-1093493
-1092151
-1093561
-1095070
-1095362
-1097646
-1098904
-1098767
-1098991
-1095778
-1094520
-1095504
-1097509
-1098901
-1099680
-1098272
-1097039
-1095818
-1094371
-1095327
-1096372
-1096629
-1098423
-1098772
-1096849
-1096594
-1098180
-1099472
-1100555
-1101712
-1101964
-1099506
-1095944
-1095240
-1096089
-1099228
-1101434
-1102365
-1102278
-1100392
-1097581
-1094791
-1094907
-1096221
-1098022
-1099830
-1100248
-1099910
-1099014
-1096629
-1098423
-1098772
-1101089
-1100331
-1099510
-1097490
-1098140
-1099327
-1099824
-1100040
-1100545
-1101159
-1099565
-1096849
-1096594
-1098180
-1099472
-1100555
-1101712
-1101964
-1099506
-1095944
-1095240
-1096089
-1091441
-1092556
-1093984
-1095525
-1097120
-1098393
-1097087
-1093493
-1092151
-1093561
-1095070
-1095362
-1097646
-1098904
-1098767
-1098991
-1095778
-1094520
-1095504
-1097509
-1098901
-1099680
-1098272
-1097039
-1095818
-1099327
-1099824
-1100040
-1100545
-1101159
-1099565
-1096849
-1096594
-1098180
-1099472
-1100555
-1101712
-1101964
-1099506
-1095944
-1095240
-1096089
-1099228
-1101434
-1102365
-1102278
-1100392
-1097581
-1094791
-1094907
-1101712
-1101964
-1099506
-1095944
-1095240
-1096089
-1099228
-1101434
-1102365
-1102278
-1100392
-1097581
-1094791
-1094907
-1096221
-1098022
-1099830
-1100248
-1099910
-1099014
-1097879
-1096411
-1096333
-1097473
-1099107
-1097509
-1098901
-1099680
-1098272
-1097039
-1095818
-1094371
-1095327
-1096372
-1096629
-1098423
-1098772
-1101089
-1100331
-1099510
-1097490
-1098140
-1099327
-1099824
-1100040
-1100545
-1101159
-1099565
-1096849
-1096594
-1098772
-1101089
-1100331
-1099510
-1097490
-1098140
-1099327
-1099824
-1100040
-1100545
-1101159
-1099565
-1096849
-1096594
-1098180
-1099472
-1100555
-1101712
-1101964
-1099506
-1095944
-1095240
-1096089
-1099228
-1101434
-1099565
-1096849
-1096594
-1098180
-1099472
-1100555
-1101712
-1101964
-1099506
-1095944
-1095240
-1096089
-1099228
-1101434
-1102365
-1102278
-1100392
-1097581
-1094791
-1094907
-1096221
-1098022
-1099830
-1100248
-1099910
-1098904
-1098767
-1098991
-1095778
-1094520
-1095504
-1097509
-1098901
-1099680
-1098272
-1097039
-1095818
-1094371
-1095327
-1096372
-1096629
-1098423
-1098772
-1101089
-1100331
-1099510
-1097490
-1098140
-1099327
-1099824
-1095818
-1094371
-1095327
-1096372
-1096629
-1098423
-1098772
-1101089
-1100331
-1099510
-1097490
-1098140
-1099327
-1099824
-1100040
-1100545
-1101159
-1099565
-1096849
-1096594
-1098180
-1099472
-1100555
-1101712
-1101964
-1098140
-1099327
-1099824
-1100040
-1100545
-1101159
-1099565
-1096849
-1096594
-1098180
-1099472
-1100555
-1101712
-1101964
-1099506
-1095944
-1095240
-1096089
-1099228
-1101434
-1102365
-1102278
-1100392
-1097581
-1094791
-1100555
-1101712
-1101964
-1099506
-1095944
-1095240
-1096089
-1099228
-1101434
-1102365
-1102278
-1100392
-1097581
-1094791
-1094907
-1096221
-1098022
-1099830
-1100248
-1099910
-1099014
-1097879
-1096411
-1096333
-1097473
-1100392
-1097581
-1094791
-1094907
-1096221
-1098022
-1099830
-1100248
-1099910
-1099014
-1097879
-1096411
-1096333
-1097473
-1099107
-1099837
-1098906
-1097675
-1096687
-1095624
-1095609
-1097462
-1099195
-1100447
-1101754
-1097120
-1098393
-1097087
-1093493
-1092151
-1093561
-1095070
-1095362
-1097646
-1098904
-1098767
-1098991
-1095778
-1094520
-1095504
-1097509
-1098901
-1099680
-1098272
-1097039
-1095818
-1094371
-1095327
-1096372
-1096629
-1098991
-1095778
-1094520
-1095504
-1097509
-1098901
-1099680
-1098272
-1097039
-1095818
-1094371
-1095327
-1096372
-1096629
-1098423
-1098772
-1101089
-1100331
-1099510
-1097490
-1098140
-1099327
-1099824
-1100040
-1100545
-1095240
-1096089
-1099228
-1101434
-1102365
-1102278
-1100392
-1097581
-1094791
-1094907
-1096221
-1098022
-1099830
-1100248
-1099910
-1099014
-1097879
-1096411
-1096333
-1097473
-1099107
-1099837
-1098906
-1097675
-1096687
-1090377
-1091808
-1091441
-1092556
-1093984
-1095525
-1097120
-1098393
-1097087
-1093493
-1092151
-1093561
-1095070
-1095362
-1097646
-1098904
-1098767
-1098991
-1095778
-1094520
-1095504
-1097509
-1098901
-1099680
-1098272
-1101964
-1099506
-1095944
-1095240
-1096089
-1099228
-1101434
-1102365
-1102278
-1100392
-1097581
-1094791
-1094907
-1096221
-1098022
-1099830
-1100248
-1099910
-1099014
-1097879
-1096411
-1096333
-1097473
-1099107
-1099837
-1066933
-1081459
-1088559
-1090377
-1091808
-1091441
-1092556
-1093984
-1095525
-1097120
-1098393
-1097087
-1093493
-1092151
-1093561
-1095070
-1095362
-1097646
-1098904
-1098767
-1098991
-1095778
-1094520
-1095504
-1097509
-1097087
-1093493
-1092151
-1093561
-1095070
-1095362
-1097646
-1098904
-1098767
-1098991
-1095778
-1094520
-1095504
-1097509
-1098901
-1099680
-1098272
-1097039
-1095818
-1094371
-1095327
-1096372
-1096629
-1098423
-1098772
-1094520
-1095504
-1097509
-1098901
-1099680
-1098272
-1097039
-1095818
-1094371
-1095327
-1096372
-1096629
-1098423
-1098772
-1101089
-1100331
-1099510
-1097490
-1098140
-1099327
-1099824
-1100040
-1100545
-1101159
-1099565
-1095525
-1097120
-1098393
-1097087
-1093493
-1092151
-1093561
-1095070
-1095362
-1097646
-1098904
-1098767
-1098991
-1095778
-1094520
-1095504
-1097509
-1098901
-1099680
-1098272
