-2231946
-1112526
-1112375
-1111923
-1112401
-1112513
-1112099
-1112458
-1135939
-1114215
-1112114
-1113244
-1113341
-1112256
-1112808
-1112722
-1113691
-1113348
-1114414
-1112970
-1113339
-1113822
-1115715
-1114290
-1113275
-1113580
-1113051
-1112571
-1112061
-1113068
-1113239
-1114327
-1113590
-1114589
-1113677
-1114241
-1112364
-1112403
-1112800
-1111894
-1113113
-1112078
-1113670
-1113367
-1113006
-1113033
-1114381
-1112939
-1112193
-1112548
-1112555
-1112531
-1112312
-1112976
-1112526
-1113426
-1113322
-1113665
-1115701
-1122564
-912897
-1367247
-1031340
-1136735
-1107942
-1102668
-1101944
-1119439
-1113832
-1111837
-1113239
-1117405
-1109762
-1112172
-1113959
-1113244
-1113341
-1112256
-1112808
-1112722
-1113691
-1113348
-1114414
-1112970
-1113339
-1113822
-1115715
-1114290
-1113275
-1113580
-1113051
-1112571
-1112061
-1113068
-1113239
-1114327
-1113590
-1114589
-1113677
-1114241
-1112364
-1112403
-1112800
-1111894
-1113113
-1112078
-1113670
-1113367
-1113006
-1113033
-1114381
-1112939
-1112193
-1112548
-1112555
-1112531
-1112312
-1112976
-1112526
-1113426
-1113322
-1113665
-1115701
-1122564
-912897
-1367247
-1031340
-1136735
-1107942
-1102668
-1101944
-1119439
-1113832
-1111837
-1113239
-1117405
-1109762
-1112172
-1113959
-1112874
-1109307
-1114825
-1113656
-1111939
-1115118
-1115019
-1111643
-1111538
-1113686
-1113152
-1115715
-1114290
-1113275
-1113580
-1113051
-1112571
-1112061
-1113068
-1113239
-1114327
-1113590
-1114589
-1113677
-1114241
-1112364
-1112403
-1112800
-1111894
-1113113
-1112078
-1113670
-1113367
-1113006
-1113033
-1114381
-1112939
-1112193
-1112548
-1112555
-1112531
-1112312
-1112976
-1112526
-1113426
-1113322
-1113665
-1115701
-1122564
-912897
-1367247
-1031340
-1136735
-1107942
-1102668
-1101944
-1119439
-1113832
-1111837
-1113239
-1117405
-1135939
-1114215
-1112114
-1113244
-1113341
-1112256
-1112808
-1112722
-1113691
-1113348
-1114414
-1112970
-1113339
-1113822
-1115715
-1114290
-1113275
-1113580
-1113051
-1112571
-1112061
-1113068
-1113239
-1114327
-1113590
-1114589
-1113677
-1114241
-1112364
-1112403
-1112800
-1111894
-1113113
-1112078
-1113670
-1113367
-1113006
-1113033
-1114381
-1112939
-1112193
-1112548
-1112555
-1112531
-1112312
-1112976
-1112526
-1113426
-1113322
-1113665
-1115701
-1122564
-912897
-1367247
-1031340
-1136735
-1107942
-1102668
-1101944
-1119439
-1113832
-1111837
-1113239
-1117405
-1109762
-1112172
-1113959
-1112874
-1109307
-1114825
-1113656
-1111939
-1115118
-1115019
-1111643
-1112970
-1113339
-1113822
-1115715
-1114290
-1113275
-1113580
-1113051
-1112571
-1112061
-1113068
-1113239
-1114327
-1113590
-1114589
-1113677
-1114241
-1112364
-1112403
-1112800
-1111894
-1113113
-1112078
-1113670
-1113367
-1113006
-1113033
-1114381
-1112939
-1112193
-1112548
-1112555
-1112531
-1112312
-1112976
-1112526
-1113426
-1113322
-1113665
-1115701
-1122564
-912897
-1367247
-1031340
-1136735
-1107942
-1102668
-1101944
-1119439
-1113832
-1112513
-1112099
-1112458
-1135939
-1114215
-1112114
-1113244
-1113341
-1112256
-1112808
-1112722
-1113691
-1113348
-1114414
-1112970
-1113339
-1113822
-1115715
-1114290
-1113275
-1113580
-1113051
-1112571
-1112061
-1113068
-1113239
-1114327
-1113590
-1114589
-1113677
-1114241
-1112364
-1112403
-1112800
-1111894
-1113113
-1112078
-1113670
-1113367
-1113006
-1113033
-1114381
-1112939
-1112193
-1112548
-1112555
-1112531
-1112312
-1112976
-1112526
-1113426
-1113322
-1113665
-1115701
-1122564
-912897
-1367247
-1031340
-1136735
-1107942
-1102668
-1101944
-1119439
-1113832
-1111837
-1113239
-1117405
-1109762
-1112172
-1113959
-1112874
-1109307
-1114825
-1113656
-1111939
-1113691
-1113348
-1114414
-1112970
-1113339
-1113822
-1115715
-1114290
-1113275
-1113580
-1113051
-1112571
-1112061
-1113068
-1113239
-1114327
-1113590
-1114589
-1113677
-1114241
-1112364
-1112403
-1112800
-1111894
-1113113
-1112078
-1113670
-1113367
-1113006
-1113033
-1114381
-1112939
-1112193
-1112548
-1112555
-1112531
-1112312
-1112976
-1112526
-1113426
-1113322
-1113665
-1115701
-1122564
-912897
-1367247
-1031340
-1136735
-1107942
-1102668
-1112375
-1111923
-1112401
-1112513
-1112099
-1112458
-1135939
-1114215
-1112114
-1113244
-1113341
-1112256
-1112808
-1112722
-1113691
-1113348
-1114414
-1112970
-1113339
-1113822
-1115715
-1114290
-1113275
-1113580
-1113051
-1112571
-1112061
-1113068
-1113239
-1114327
-1113590
-1114589
-1113677
-1114241
-1112364
-1112403
-1112800
-1111894
-1113113
-1112078
-1113670
-1113367
-1113006
-1113033
-1114381
-1112939
-1112193
-1112548
-1112555
-1112531
-1112312
-1112976
-1112526
-1113426
-1113322
-1113665
-1115701
-1122564
-912897
-1367247
-1031340
-1136735
-1107942
-1102668
-1101944
-1119439
-1113832
-1111837
-1113239
-1117405
-1109762
-1112172
-1113959
-1112874
-1109307
-1112256
-1112808
-1112722
-1113691
-1113348
-1114414
-1112970
-1113339
-1113822
-1115715
-1114290
-1113275
-1113580
-1113051
-1112571
-1112061
-1113068
-1113239
-1114327
-1113590
-1114589
-1113677
-1114241
-1112364
-1112403
-1112800
-1111894
-1113113
-1112078
-1113670
-1113367
-1113006
-1113033
-1114381
-1112939
-1112193
-1112548
-1112555
-1112531
-1112312
-1112976
-1112526
-1113426
-1113322
-1113665
-1115701
-1122564
-912897
-1367247
-1031340
-1136735
-1107942
-1102668
-1101944
-1119439
-1113832
-1111837
-1113239
-1117405
-1109762
-1112172
-1113959
-1112874
-1109307
-1114825
-1113656
-1111939
-1115118
-1115019
-1111643
-1111538
-1113686
-1113152
-1112281
-1113908
-1113275
-1113580
-1113051
-1112571
-1112061
-1113068
-1113239
-1114327
-1113590
-1114589
-1113677
-1114241
-1112364
-1112403
-1112800
-1111894
-1113113
-1112078
-1113670
-1113367
-1113006
-1113033
-1114381
-1112939
-1112193
-1112548
-1112555
-1112531
-1112312
-1112976
-1112526
-1113426
-1113322
-1113665
-1115701
-1122564
-912897
-1367247
-1031340
-1136735
-1107942
-1102668
-1101944
-1119439
-1113832
-1111837
-1113239
-1117405
-1109762
-1112172
-1112114
-1113244
-1113341
-1112256
-1112808
-1112722
-1113691
-1113348
-1114414
-1112970
-1113339
-1113822
-1115715
-1114290
-1113275
-1113580
-1113051
-1112571
-1112061
-1113068
-1113239
-1114327
-1113590
-1114589
-1113677
-1114241
-1112364
-1112403
-1112800
-1111894
-1113113
-1112078
-1113670
-1113367
-1113006
-1113033
-1114381
-1112939
-1112193
-1112548
-1112555
-1112531
-1112312
-1112976
-1112526
-1113426
-1113322
-1113665
-1115701
-1122564
-912897
-1367247
-1031340
-1136735
-1107942
-1102668
-1101944
-1119439
-1113832
-1111837
-1113239
-1117405
-1109762
-1112172
-1113959
-1112874
-1109307
-1114825
-1113656
-1111939
-1115118
-1115019
-1111643
-1111538
-1113686
-1113822
-1115715
-1114290
-1113275
-1113580
-1113051
-1112571
-1112061
-1113068
-1113239
-1114327
-1113590
-1114589
-1113677
-1114241
-1112364
-1112403
-1112800
-1111894
-1113113
-1112078
-1113670
-1113367
-1113006
-1113033
-1114381
-1112939
-1112193
-1112548
-1112555
-1112531
-1112312
-1112976
-1112526
-1113426
-1113322
-1113665
-1115701
-1122564
-912897
-1367247
-1031340
-1136735
-1107942
-1102668
-1101944
-1119439
-1113832
-1111837
-1113239
-1112458
-1135939
-1114215
-1112114
-1113244
-1113341
-1112256
-1112808
-1112722
-1113691
-1113348
-1114414
-1112970
-1113339
-1113822
-1115715
-1114290
-1113275
-1113580
-1113051
-1112571
-1112061
-1113068
-1113239
-1114327
-1113590
-1114589
-1113677
-1114241
-1112364
-1112403
-1112800
-1111894
-1113113
-1112078
-1113670
-1113367
-1113006
-1113033
-1114381
-1112939
-1112193
-1112548
-1112555
-1112531
-1112312
-1112976
-1112526
-1113426
-1113322
-1113665
-1115701
-1122564
-912897
-1367247
-1031340
-1136735
-1107942
-1102668
-1101944
-1119439
-1113832
-1111837
-1113239
-1117405
-1109762
-1112172
-1113959
-1112874
-1109307
-1114825
-1113656
-1111939
-1115118
-1115019
-1114414
-1112970
-1113339
-1113822
-1115715
-1114290
-1113275
-1113580
-1113051
-1112571
-1112061
-1113068
-1113239
-1114327
-1113590
-1114589
-1113677
-1114241
-1112364
-1112403
-1112800
-1111894
-1113113
-1112078
-1113670
-1113367
-1113006
-1113033
-1114381
-1112939
-1112193
-1112548
-1112555
-1112531
-1112312
-1112976
-1112526
-1113426
-1113322
-1113665
-1115701
-1122564
-912897
-1367247
-1031340
-1136735
-1107942
-1102668
-1101944
-1119439
-1112401
-1112513
-1112099
-1112458
-1135939
-1114215
-1112114
-1113244
-1113341
-1112256
-1112808
-1112722
-1113691
-1113348
-1114414
-1112970
-1113339
-1113822
-1115715
-1114290
-1113275
-1113580
-1113051
-1112571
-1112061
-1113068
-1113239
-1114327
-1113590
-1114589
-1113677
-1114241
-1112364
-1112403
-1112800
-1111894
-1113113
-1112078
-1113670
-1113367
-1113006
-1113033
-1114381
-1112939
-1112193
-1112548
-1112555
-1112531
-1112312
-1112976
-1112526
-1113426
-1113322
-1113665
-1115701
-1122564
-912897
-1367247
-1031340
-1136735
-1107942
-1102668
-1101944
-1119439
-1113832
-1111837
-1113239
-1117405
