-1107266
-1108282
-1107824
-1106943
-1107422
-1109350
-1107589
-1107243
-1107286
-1107678
-1106900
-1107086
-1108703
-1108171
-1107918
-1108210
-1108424
-1107505
-1107126
-1107583
-1108469
-1107272
-1108021
-1109442
-1109530
-1109117
-1108010
-1108131
-1107366
-1107503
-1109320
-1107537
-1108091
-1108514
-1107308
-1109615
-1108270
-1108669
-1109863
-1109091
-1109022
-1108025
-1107584
-1107906
-1108658
-1108886
-1109181
-1109066
-1108741
-1110190
-1108262
-1109569
-1108690
-1109786
-1109823
-1108924
-1107769
-1108306
-1109941
-1109368
-1109072
-1109531
-1110422
-1109750
-1110306
-1109613
-1108877
-1109767
-1108878
-1109699
-1109151
-1110297
-1110213
-1110493
-1110314
-1107086
-1108703
-1108171
-1107918
-1108210
-1108424
-1107505
-1107126
-1107583
-1108469
-1107272
-1108021
-1109442
-1109530
-1109117
-1108010
-1108131
-1107366
-1107503
-1109320
-1107537
-1108091
-1108514
-1107308
-1109615
-1108270
-1108669
-1109863
-1109091
-1109022
-1108025
-1107584
-1107906
-1108658
-1108886
-1109181
-1109066
-1108741
-1110190
-1108262
-1109569
-1108690
-1109786
-1109823
-1108924
-1107769
-1108306
-1109941
-1109368
-1109072
-1109531
-1110422
-1109750
-1110306
-1109613
-1108877
-1109767
-1108878
-1109699
-1109151
-1110297
-1110213
-1110493
-1110314
-1110537
-1109750
-1109810
-1109532
-1110871
-1110133
-1110348
-1111771
-1110370
-1109453
-1109611
-1108021
-1109442
-1109530
-1109117
-1108010
-1108131
-1107366
-1107503
-1109320
-1107537
-1108091
-1108514
-1107308
-1109615
-1108270
-1108669
-1109863
-1109091
-1109022
-1108025
-1107584
-1107906
-1108658
-1108886
-1109181
-1109066
-1108741
-1110190
-1108262
-1109569
-1108690
-1109786
-1109823
-1108924
-1107769
-1108306
-1109941
-1109368
-1109072
-1109531
-1110422
-1109750
-1110306
-1109613
-1108877
-1109767
-1108878
-1109699
-1109151
-1110297
-1107286
-1107678
-1106900
-1107086
-1108703
-1108171
-1107918
-1108210
-1108424
-1107505
-1107126
-1107583
-1108469
-1107272
-1108021
-1109442
-1109530
-1109117
-1108010
-1108131
-1107366
-1107503
-1109320
-1107537
-1108091
-1108514
-1107308
-1109615
-1108270
-1108669
-1109863
-1109091
-1109022
-1108025
-1107584
-1107906
-1108658
-1108886
-1109181
-1109066
-1108741
-1110190
-1108262
-1109569
-1108690
-1109786
-1109823
-1108924
-1107769
-1108306
-1109941
-1109368
-1109072
-1109531
-1110422
-1109750
-1110306
-1109613
-1108877
-1109767
-1108878
-1109699
-1109151
-1110297
-1110213
-1110493
-1110314
-1110537
-1109750
-1109810
-1109532
-1110871
-1110133
-1110348
-1111771
-1107583
-1108469
-1107272
-1108021
-1109442
-1109530
-1109117
-1108010
-1108131
-1107366
-1107503
-1109320
-1107537
-1108091
-1108514
-1107308
-1109615
-1108270
-1108669
-1109863
-1109091
-1109022
-1108025
-1107584
-1107906
-1108658
-1108886
-1109181
-1109066
-1108741
-1110190
-1108262
-1109569
-1108690
-1109786
-1109823
-1108924
-1107769
-1108306
-1109941
-1109368
-1109072
-1109531
-1110422
-1109750
-1110306
-1109613
-1108877
-1109767
-1108878
-1109350
-1107589
-1107243
-1107286
-1107678
-1106900
-1107086
-1108703
-1108171
-1107918
-1108210
-1108424
-1107505
-1107126
-1107583
-1108469
-1107272
-1108021
-1109442
-1109530
-1109117
-1108010
-1108131
-1107366
-1107503
-1109320
-1107537
-1108091
-1108514
-1107308
-1109615
-1108270
-1108669
-1109863
-1109091
-1109022
-1108025
-1107584
-1107906
-1108658
-1108886
-1109181
-1109066
-1108741
-1110190
-1108262
-1109569
-1108690
-1109786
-1109823
-1108924
-1107769
-1108306
-1109941
-1109368
-1109072
-1109531
-1110422
-1109750
-1110306
-1109613
-1108877
-1109767
-1108878
-1109699
-1109151
-1110297
-1110213
-1110493
-1110314
-1110537
-1109750
-1109810
-1109532
-1110871
-1108424
-1107505
-1107126
-1107583
-1108469
-1107272
-1108021
-1109442
-1109530
-1109117
-1108010
