-13311660
-1740567297
-15584239
1409286399
-1166111
-1115058
-1114263
-1115571
-1113817
-1113481
-1114419
-1114260
-1112575
-1114948
-1112910
-1113239
-1113819
-1114789
-1113395
-1114486
-1114565
-1115013
-1113787
-1114662
-1113402
-1115082
-1114405
-1114064
-1115110
-1116066
-1114475
-1115306
-1116757
-1115277
-1117828
-1098565
-1115445
-1223248
-1076688
-998177
-1057386
-1062439
-1069080
-1045099
-1085082
-954197
-1034740
-840903
-786541
-914790
-802603
-688394
-720613
-649946
-645956
-571648
-537537
-492866
-495839
-462123
-512835
-438649
-423775
-422889
-406670
-352346
-373026
-279672
-269497
-227310
-243444
-223591
-247819
-233137
-238538
-1114260
-1112575
-1114948
-1112910
-1113239
-1113819
-1114789
-1113395
-1114486
-1114565
-1115013
-1113787
-1114662
-1113402
-1115082
-1114405
-1114064
-1115110
-1116066
-1114475
-1115306
-1116757
-1115277
-1117828
-1098565
-1115445
-1223248
-1076688
-998177
-1057386
-1062439
-1069080
-1045099
-1085082
-954197
-1034740
-840903
-786541
-914790
-802603
-688394
-720613
-649946
-645956
-571648
-537537
-492866
-495839
-462123
-512835
-438649
-423775
-422889
-406670
-352346
-373026
-279672
-269497
-227310
-243444
-223591
-247819
-233137
-238538
-234260
-218967
-253593
-183271
-228447
-322831
-251848
-250529
-300116
-323395
-358492
-1113787
-1114662
-1113402
-1115082
-1114405
-1114064
-1115110
-1116066
-1114475
-1115306
-1116757
-1115277
-1117828
-1098565
-1115445
-1223248
-1076688
-998177
-1057386
-1062439
-1069080
-1045099
-1085082
-954197
-1034740
-840903
-786541
-914790
-802603
-688394
-720613
-649946
-645956
-571648
-537537
-492866
-495839
-462123
-512835
-438649
-423775
-422889
-406670
-352346
-373026
-279672
-269497
-227310
-243444
-223591
-1113817
-1113481
-1114419
-1114260
-1112575
-1114948
-1112910
-1113239
-1113819
-1114789
-1113395
-1114486
-1114565
-1115013
-1113787
-1114662
-1113402
-1115082
-1114405
-1114064
-1115110
-1116066
-1114475
-1115306
-1116757
