-1111395
-1108775
-1109337
-1109905
-1109393
-1109821
-1110460
-1132264
-1143860
-1129234
-1122183
-1118361
-1114545
-1113732
-1112813
-1113262
-1114434
-1115051
-1115481
-1114645
-1113795
-1113431
-1114148
-1115211
-1116342
-1116253
-1115006
-1115099
-1114246
-1112949
-1113880
-1114106
-1114661
-1114019
-1113906
-1112830
-1109416
-1108348
-1107939
-1109504
-1113140
-1114121
-1115065
-1111822
-1109891
-1108910
-1108520
-1110584
-1111805
-1112799
-1109416
-1108348
-1107939
-1109504
-1113140
-1114121
-1115065
-1111822
-1109891
-1108910
-1108520
-1110584
-1111805
-1112799
-1113190
-1111815
-1110296
-1110642
-1110491
-1110181
-1112223
-1113704
-1116108
-1115829
-1115207
-1110584
-1111805
-1112799
-1113190
-1111815
-1110296
-1110642
-1110491
-1110181
-1112223
-1113704
-1116108
-1115829
-1115207
-1113723
-1112618
-1112859
-1114031
-1116071
-1116875
-1115785
-1114939
-1114424
-1113260
-1113623
-1116108
-1115829
-1115207
-1113723
-1112618
-1112859
-1114031
-1116071
-1116875
-1115785
-1114939
-1114424
-1113260
-1113623
-1113691
-1115094
-1115779
-1114905
-1114285
-1112665
-1112247
-1112618
-1112661
-1112615
-1112682
-1109821
-1110460
-1132264
-1143860
-1129234
-1122183
-1118361
-1114545
-1113732
-1112813
-1113262
-1114434
-1115051
-1115481
-1114645
-1113795
-1113431
-1114148
-1115211
-1116342
-1116253
-1115006
-1115099
-1114246
-1112949
-1114434
-1115051
-1115481
-1114645
-1113795
-1113431
-1114148
-1115211
-1116342
-1116253
-1115006
-1115099
-1114246
-1112949
-1113880
-1114106
-1114661
-1114019
-1113906
-1112830
-1109416
-1108348
-1107939
-1109504
-1113140
-1115099
-1114246
-1112949
-1113880
-1114106
-1114661
-1114019
-1113906
-1112830
-1109416
-1108348
-1107939
-1109504
-1113140
-1114121
-1115065
-1111822
-1109891
-1108910
-1108520
-1110584
-1111805
-1112799
-1113190
-1111815
-1113732
-1112813
-1113262
-1114434
-1115051
-1115481
-1114645
-1113795
-1113431
-1114148
-1115211
-1116342
-1116253
-1115006
-1115099
-1114246
-1112949
-1113880
-1114106
-1114661
-1114019
-1113906
-1112830
-1109416
-1108348
-1116342
-1116253
-1115006
-1115099
-1114246
-1112949
-1113880
-1114106
-1114661
-1114019
-1113906
-1112830
-1109416
-1108348
-1107939
-1109504
-1113140
-1114121
-1115065
-1111822
-1109891
-1108910
-1108520
-1110584
-1111805
-1112830
-1109416
-1108348
-1107939
-1109504
-1113140
-1114121
-1115065
-1111822
-1109891
-1108910
-1108520
-1110584
-1111805
-1112799
-1113190
-1111815
-1110296
-1110642
-1110491
-1110181
-1112223
-1113704
-1116108
-1115829
-1108520
-1110584
-1111805
-1112799
-1113190
-1111815
-1110296
-1110642
-1110491
-1110181
-1112223
-1113704
-1116108
-1115829
-1115207
-1113723
-1112618
-1112859
-1114031
-1116071
-1116875
-1115785
-1114939
-1114424
-1113260
-1115481
-1114645
-1113795
-1113431
-1114148
-1115211
-1116342
-1116253
-1115006
-1115099
-1114246
-1112949
-1113880
-1114106
-1114661
-1114019
-1113906
-1112830
-1109416
-1108348
-1107939
-1109504
-1113140
-1114121
-1115065
-1109393
-1109821
-1110460
-1132264
-1143860
-1129234
-1122183
-1118361
-1114545
-1113732
-1112813
-1113262
-1114434
-1115051
-1115481
-1114645
-1113795
-1113431
-1114148
-1115211
-1116342
-1116253
-1115006
-1115099
-1114246
-1113140
-1114121
-1115065
-1111822
-1109891
-1108910
-1108520
-1110584
-1111805
-1112799
-1113190
-1111815
-1110296
-1110642
-1110491
-1110181
-1112223
-1113704
-1116108
-1115829
-1115207
-1113723
-1112618
-1112859
-1114031
-1111815
-1110296
-1110642
-1110491
-1110181
-1112223
-1113704
-1116108
-1115829
-1115207
-1113723
-1112618
-1112859
-1114031
-1116071
-1116875
-1115785
-1114939
-1114424
-1113260
-1113623
-1113691
-1115094
-1115779
-1114905
-1112618
-1112859
-1114031
-1116071
-1116875
-1115785
-1114939
-1114424
-1113260
-1113623
-1113691
-1115094
-1115779
-1114905
-1114285
-1112665
-1112247
-1112618
-1112661
-1112615
-1112682
-1113215
-1113024
-1112681
-1110639
-1111805
-1112799
-1113190
-1111815
-1110296
-1110642
-1110491
-1110181
-1112223
-1113704
-1116108
-1115829
-1115207
-1113723
-1112618
-1112859
-1114031
-1116071
-1116875
-1115785
-1114939
-1114424
-1113260
-1113623
-1113691
-1115829
-1115207
-1113723
-1112618
-1112859
-1114031
-1116071
-1116875
-1115785
-1114939
-1114424
-1113260
-1113623
-1113691
-1115094
-1115779
-1114905
-1114285
-1112665
-1112247
-1112618
-1112661
-1112615
-1112682
-1113215
-1110460
-1132264
-1143860
-1129234
-1122183
-1118361
-1114545
-1113732
-1112813
-1113262
-1114434
-1115051
-1115481
-1114645
-1113795
-1113431
-1114148
-1115211
-1116342
-1116253
-1115006
-1115099
-1114246
-1112949
-1113880
-1115051
-1115481
-1114645
-1113795
-1113431
-1114148
-1115211
-1116342
-1116253
-1115006
-1115099
-1114246
-1112949
-1113880
-1114106
-1114661
-1114019
-1113906
-1112830
-1109416
-1108348
-1107939
-1109504
-1113140
-1114121
-1114246
-1112949
-1113880
-1114106
-1114661
-1114019
-1113906
-1112830
-1109416
-1108348
-1107939
-1109504
-1113140
-1114121
-1115065
-1111822
-1109891
-1108910
-1108520
-1110584
-1111805
-1112799
-1113190
-1111815
-1110296
-1111395
-1108775
-1109337
-1109905
-1109393
-1109821
-1110460
-1132264
-1143860
-1129234
-1122183
-1118361
-1114545
-1113732
-1112813
-1113262
-1114434
-1115051
-1115481
-1114645
-1113795
-1113431
-1114148
-1115211
-1116342
-1118361
-1114545
-1113732
-1112813
-1113262
-1114434
-1115051
-1115481
-1114645
-1113795
-1113431
-1114148
-1115211
-1116342
-1116253
-1115006
-1115099
-1114246
-1112949
-1113880
-1114106
-1114661
-1114019
-1113906
-1112830
-1114148
-1115211
-1116342
-1116253
-1115006
-1115099
-1114246
-1112949
-1113880
-1114106
-1114661
-1114019
-1113906
-1112830
-1109416
-1108348
-1107939
-1109504
-1113140
-1114121
-1115065
-1111822
-1109891
-1108910
-1108520
