-11207852
-1740567297
-15584243
1409286399
-1157893
-1111000
-1112321
-1111209
-1112542
-1111964
-1111834
-1112675
-1112185
-1112778
-1112421
-1112295
-1112433
-1112168
-1112793
-1112467
-1113012
-1112987
-1113048
-1114022
-1103092
-1108816
-1112946
-1113792
-1113198
-1113038
-1112903
-1113814
-1113546
-1112901
-1113769
-1112640
-1112850
-1113192
-1113638
-1113930
-1114127
-1114128
-1113994
-1114208
-1115897
-1124435
-1119082
-1113789
-1114433
-1113810
-1114312
-1114468
-1114069
-1114642
-1114796
-1113989
-1114990
-1114400
-1114492
-1114705
