-14532780
-1740567297
-15584235
1409286399
-1170881
-1115919
-1118215
-1103492
963059
1243806
1231885
1231289
1231915
1242042
1235240
1238940
1233500
1238967
1236614
1227853
1227916
1213434
1137122
1147637
1172630
1157910
1087643
1131376
1181785
1106367
1217736
1159647
1258830
1192734
1227149
1177807
1236681
1217498
1217915
1226339
1198517
1245085
1220015
1212357
1234034
1212783
1205157
1250899
1250476
1294448
1372729
1334557
1438828
1398814
1397077
1403425
1383454
1392524
1389525
1391046
1384913
1391392
1380871
1383528
1389436
1387295
1385003
1379739
1384098
1378847
1384215
1383200
1383529
1368263
1383877
1231289
1231915
1242042
1235240
1238940
1233500
1238967
1236614
1227853
1227916
1213434
1137122
1147637
1172630
1157910
1087643
1131376
1181785
1106367
1217736
1159647
1258830
1192734
1227149
1177807
1236681
1217498
1217915
1226339
1198517
1245085
1220015
1212357
1234034
1212783
1205157
1250899
1250476
1294448
1372729
1334557
1438828
1398814
1397077
1403425
1383454
1392524
1389525
1391046
1384913
1391392
1380871
1383528
1389436
1387295
1385003
1379739
1384098
1378847
1384215
1383200
1383529
1368263
1383877
-234260
-218967
-253593
-183271
-228447
-322831
-251848
-250529
-300116
-323395
-358492
1137122
1147637
1172630
1157910
1087643
1131376
1181785
1106367
1217736
1159647
1258830
1192734
1227149
1177807
1236681
1217498
1217915
1226339
1198517
1245085
1220015
1212357
1234034
1212783
1205157
1250899
1250476
1294448
1372729
1334557
1438828
1398814
1397077
1403425
1383454
1392524
1389525
1391046
1384913
1391392
1380871
1383528
1389436
1387295
1385003
1379739
1384098
1378847
1384215
1383200
963059
1243806
1231885
1231289
1231915
1242042
1235240
1238940
1233500
1238967
1236614
1227853
1227916
1213434
1137122
1147637
1172630
1157910
1087643
1131376
1181785
1106367
1217736
1159647
1258830
1192734
1227149
1177807
1236681
1217498
1217915
1226339
1198517
1245085
1220015
1212357
1234034
1212783
1205157
1250899
1250476
1294448
1372729
1334557
1438828
1398814
1397077
1403425
1383454
1392524
1389525
1391046
1384913
1391392
1380871
1383528
1389436
1387295
1385003
1379739
1384098
1378847
1384215
1383200
1383529
1368263
1383877
-234260
-218967
-253593
-183271
-228447
-322831
-251848
-250529
1227853
1227916
1213434
1137122
1147637
1172630
1157910
1087643
1131376
1181785
1106367
1217736
1159647
1258830
1192734
1227149
1177807
1236681
1217498
1217915
1226339
1198517
1245085
1220015
1212357
