1413970431
-15973992
87298815
-16777132
1199112192
-939524096
-1946157056
-1157627904
-671088640
-1191182336
-33554432
-1761607680
-1811939328
-721420288
-1962934272
570425344
1711276032
-1006632960
-1241513984
-234881024
1711276032
-1996488704
1476395008
-1912602624
1694498816
-1258291200
1577058304
-1778384896
872415232
-1392508928
-318767105
-1409286144
-738197504
687865856
738197504
486539264
-1342177280
-1694498816
-1744830464
1325400064
-1241513984
1174405120
1375731712
1644167168
1912602624
-1879048192
419430400
-1828716544
-33554433
1996488704
1845493760
2013265920
1694498816
-1241513984
1694498816
-1962934272
-1375731712
-2130706432
-1879048192
-1912602624
-2097152000
-1728053248
2080374784
-2046820352
2130706432
1677721600
1929379840
1811939328
-1744830464
-1610612736
1912602624
1677721600
-721420288
1543503872
-1996488704
-1761607680
-1811939328
-721420288
-1962934272
570425344
1711276032
-1006632960
-1241513984
-234881024
1711276032
-1996488704
1476395008
-1912602624
1694498816
-1258291200
1577058304
-1778384896
872415232
-1392508928
-318767105
-1409286144
-738197504
687865856
738197504
486539264
-1342177280
-1694498816
-1744830464
1325400064
-1241513984
1174405120
1375731712
1644167168
1912602624
-1879048192
419430400
-1828716544
-33554433
1996488704
1845493760
2013265920
1694498816
-1241513984
1694498816
-1962934272
-1375731712
-2130706432
-1879048192
-1912602624
-2097152000
-1728053248
2080374784
-2046820352
2130706432
1677721600
1929379840
1811939328
-1744830464
-1610612736
1912602624
1677721600
-721420288
1543503872
-1996488704
1912602624
872415232
-1895825408
1291845632
973078528
771751936
-1811939328
1828716544
1862270976
1241513984
201326592
1476395008
-1912602624
1694498816
-1258291200
1577058304
-1778384896
872415232
-1392508928
-318767105
-1409286144
-738197504
687865856
738197504
486539264
-1342177280
-1694498816
-1744830464
1325400064
-1241513984
1174405120
1375731712
1644167168
1912602624
-1879048192
419430400
-1828716544
-33554433
1996488704
1845493760
2013265920
1694498816
-1241513984
1694498816
-1962934272
-1375731712
-2130706432
-1879048192
-1912602624
-2097152000
-1728053248
2080374784
-2046820352
2130706432
1677721600
1929379840
1811939328
-1744830464
-1610612736
1912602624
1677721600
-671088640
-1191182336
-33554432
-1761607680
-1811939328
-721420288
-1962934272
570425344
1711276032
-1006632960
-1241513984
-234881024
1711276032
-1996488704
1476395008
-1912602624
1694498816
-1258291200
1577058304
-1778384896
872415232
-1392508928
-318767105
-1409286144
-738197504
687865856
738197504
486539264
-1342177280
-1694498816
-1744830464
1325400064
-1241513984
1174405120
1375731712
1644167168
1912602624
-1879048192
419430400
-1828716544
-33554433
1996488704
1845493760
2013265920
1694498816
-1241513984
1694498816
-1962934272
-1375731712
-2130706432
-1879048192
-1912602624
-2097152000
-1728053248
2080374784
-2046820352
2130706432
1677721600
1929379840
1811939328
-1744830464
-1610612736
1912602624
1677721600
-721420288
1543503872
-1996488704
1912602624
872415232
-1895825408
1291845632
973078528
771751936
-1811939328
1828716544
-234881024
1711276032
-1996488704
1476395008
-1912602624
1694498816
-1258291200
1577058304
-1778384896
872415232
-1392508928
-318767105
-1409286144
-738197504
687865856
738197504
486539264
-1342177280
-1694498816
-1744830464
1325400064
-1241513984
1174405120
1375731712
1644167168
1912602624
-1879048192
419430400
-1828716544
-33554433
1996488704
1845493760
2013265920
1694498816
-1241513984
1694498816
-1962934272
-1375731712
-2130706432
-1879048192
-1912602624
-2097152000
-1728053248
2080374784
-2046820352
2130706432
1677721600
1929379840
1811939328
-1744830464
-939524096
-1946157056
-1157627904
-671088640
-1191182336
-33554432
-1761607680
-1811939328
-721420288
-1962934272
570425344
1711276032
-1006632960
-1241513984
-234881024
1711276032
-1996488704
1476395008
-1912602624
1694498816
-1258291200
1577058304
-1778384896
872415232
-1392508928
-318767105
-1409286144
-738197504
687865856
738197504
486539264
-1342177280
-1694498816
-1744830464
1325400064
-1241513984
1174405120
1375731712
1644167168
1912602624
-1879048192
419430400
-1828716544
-33554433
1996488704
1845493760
2013265920
1694498816
-1241513984
1694498816
-1962934272
-1375731712
-2130706432
-1879048192
-1912602624
-2097152000
-1728053248
2080374784
-2046820352
2130706432
1677721600
1929379840
1811939328
-1744830464
-1610612736
1912602624
1677721600
-721420288
1543503872
-1996488704
1912602624
872415232
-1895825408
1291845632
973078528
1711276032
-1006632960
-1241513984
-234881024
1711276032
-1996488704
1476395008
-1912602624
1694498816
-1258291200
1577058304
-1778384896
872415232
-1392508928
-318767105
-1409286144
-738197504
687865856
738197504
486539264
-1342177280
-1694498816
-1744830464
1325400064
-1241513984
1174405120
1375731712
1644167168
1912602624
-1879048192
419430400
-1828716544
-33554433
1996488704
1845493760
2013265920
1694498816
-1241513984
1694498816
-1962934272
-1375731712
-2130706432
-1879048192
-1912602624
-2097152000
-1728053248
2080374784
-2046820352
2130706432
1677721600
87298815
-16777132
1199112192
-939524096
-1946157056
-1157627904
-671088640
-1191182336
-33554432
-1761607680
-1811939328
-721420288
-1962934272
570425344
1711276032
-1006632960
-1241513984
-234881024
1711276032
-1996488704
1476395008
-1912602624
1694498816
-1258291200
1577058304
-1778384896
872415232
-1392508928
-318767105
-1409286144
-738197504
687865856
738197504
486539264
-1342177280
-1694498816
-1744830464
1325400064
-1241513984
1174405120
1375731712
1644167168
1912602624
-1879048192
419430400
-1828716544
-33554433
1996488704
1845493760
2013265920
1694498816
-1241513984
1694498816
-1962934272
-1375731712
-2130706432
-1879048192
-1912602624
-2097152000
-1728053248
2080374784
-2046820352
2130706432
1677721600
1929379840
1811939328
-1744830464
-1610612736
1912602624
1677721600
-721420288
1543503872
-1996488704
1912602624
872415232
-721420288
-1962934272
570425344
1711276032
-1006632960
-1241513984
-234881024
1711276032
-1996488704
1476395008
-1912602624
1694498816
-1258291200
1577058304
-1778384896
872415232
-1392508928
-318767105
-1409286144
-738197504
687865856
738197504
486539264
-1342177280
-1694498816
-1744830464
1325400064
-1241513984
1174405120
1375731712
1644167168
1912602624
-1879048192
419430400
-1828716544
-33554433
1996488704
1845493760
2013265920
1694498816
-1241513984
1694498816
-1962934272
-1375731712
-2130706432
-1879048192
-1912602624
-2097152000
-1728053248
2080374784
-2046820352
2130706432
1677721600
1929379840
1811939328
-1744830464
-1610612736
1912602624
1677721600
-721420288
1543503872
-1996488704
1912602624
872415232
-1895825408
1291845632
973078528
771751936
-1811939328
1828716544
1862270976
1241513984
201326592
-2013265920
150994944
1694498816
-1258291200
1577058304
-1778384896
872415232
-1392508928
-318767105
-1409286144
-738197504
687865856
738197504
486539264
-1342177280
-1694498816
-1744830464
1325400064
-1241513984
1174405120
1375731712
1644167168
1912602624
-1879048192
419430400
-1828716544
-33554433
1996488704
1845493760
2013265920
1694498816
-1241513984
1694498816
-1962934272
-1375731712
-2130706432
-1879048192
-1912602624
-2097152000
-1728053248
2080374784
-2046820352
2130706432
1677721600
1929379840
1811939328
-1744830464
-1610612736
1912602624
1677721600
-721420288
1543503872
-33554432
-1761607680
-1811939328
-721420288
-1962934272
570425344
1711276032
-1006632960
-1241513984
-234881024
1711276032
-1996488704
1476395008
-1912602624
1694498816
-1258291200
1577058304
-1778384896
872415232
-1392508928
-318767105
-1409286144
-738197504
687865856
738197504
486539264
-1342177280
-1694498816
-1744830464
1325400064
-1241513984
1174405120
1375731712
1644167168
1912602624
-1879048192
419430400
-1828716544
-33554433
1996488704
1845493760
2013265920
1694498816
-1241513984
1694498816
-1962934272
-1375731712
-2130706432
-1879048192
-1912602624
-2097152000
-1728053248
2080374784
-2046820352
2130706432
1677721600
1929379840
1811939328
-1744830464
-1610612736
1912602624
1677721600
-721420288
1543503872
-1996488704
1912602624
872415232
-1895825408
1291845632
973078528
771751936
-1811939328
1828716544
1862270976
1241513984
-1996488704
1476395008
-1912602624
1694498816
-1258291200
1577058304
-1778384896
872415232
-1392508928
-318767105
-1409286144
-738197504
687865856
738197504
486539264
-1342177280
-1694498816
-1744830464
1325400064
-1241513984
1174405120
1375731712
1644167168
1912602624
-1879048192
419430400
-1828716544
-33554433
1996488704
1845493760
2013265920
1694498816
-1241513984
1694498816
-1962934272
-1375731712
-2130706432
-1879048192
-1912602624
-2097152000
-1728053248
2080374784
-2046820352
2130706432
1677721600
1929379840
1811939328
-1744830464
-1610612736
1912602624
-1157627904
-671088640
-1191182336
-33554432
-1761607680
-1811939328
-721420288
-1962934272
570425344
1711276032
-1006632960
-1241513984
-234881024
1711276032
-1996488704
1476395008
-1912602624
1694498816
-1258291200
1577058304
-1778384896
872415232
-1392508928
-318767105
-1409286144
-738197504
687865856
738197504
486539264
-1342177280
-1694498816
-1744830464
1325400064
-1241513984
1174405120
1375731712
1644167168
1912602624
-1879048192
419430400
-1828716544
-33554433
1996488704
1845493760
2013265920
1694498816
-1241513984
1694498816
-1962934272
-1375731712
-2130706432
-1879048192
-1912602624
-2097152000
-1728053248
2080374784
-2046820352
2130706432
1677721600
1929379840
1811939328
-1744830464
-1610612736
1912602624
1677721600
-721420288
1543503872
-1996488704
1912602624
872415232
-1895825408
1291845632
973078528
771751936
-1811939328
-1241513984
-234881024
1711276032
-1996488704
1476395008
-1912602624
1694498816
-1258291200
1577058304
-1778384896
872415232
-1392508928
-318767105
-1409286144
-738197504
687865856
738197504
486539264
-1342177280
-1694498816
-1744830464
1325400064
-1241513984
1174405120
1375731712
1644167168
1912602624
-1879048192
419430400
-1828716544
-33554433
1996488704
1845493760
2013265920
1694498816
-1241513984
1694498816
-1962934272
-1375731712
-2130706432
-1879048192
-1912602624
-2097152000
-1728053248
2080374784
-2046820352
2130706432
1677721600
1929379840
1811939328
1199112192
-939524096
-1946157056
-1157627904
-671088640
-1191182336
-33554432
-1761607680
-1811939328
-721420288
-1962934272
570425344
1711276032
-1006632960
-1241513984
-234881024
1711276032
