-12442284
-1740567297
-15584247
1409286399
-48603
-324
-340
-277
-406
-290
-282
-286
-306
-311
-302
-242
-260
-303
-252
-288
-284
-304
-260
-312
-252
-352
-324
-363
-257
-352
-321
-332
-362
-316
-318
-352
-357
-360
-314
-314
-363
-328
-322
-328
-331
-368
-343
-344
-335
-298
-360
-292
-256
-298
-342
-255
-272
-296
-322
-273
-258
-305
-334
-330
-243
-296
-250
-268
-290
-340
-311
-328
-332
-362
-321
-286
-306
-311
-302
-242
-260
-303
-252
-288
-284
-304
-260
-312
-252
-352
-324
-363
-257
-352
-321
-332
-362
-316
-318
-352
-357
-360
-314
-314
-363
-328
-322
-328
-331
-368
-343
-344
-335
-298
-360
-292
-256
-298
-342
-255
-272
-296
-322
-273
-258
-305
-334
-330
-243
-296
-250
-268
-290
-340
-311
-328
-332
-362
-321
-297
-311
-240
-231
-278
-288
-260
-360
-330
-297
-334
-260
-312
-252
-352
-324
-363
-257
-352
-321
-332
-362
-316
-318
-352
-357
-360
-314
-314
-363
-328
-322
-328
-331
-368
-343
-344
-335
-298
-360
-292
-256
-298
-342
-255
-272
-296
-322
-273
-258
-305
-334
-330
-243
-296
-250
-268
-290
-340
-311
-328
-406
-290
-282
-286
-306
-311
-302
-242
-260
-303
-252
-288
-284
-304
-260
-312
-252
-352
-324
-363
-257
-352
-321
-332
-362
-316
-318
-352
-357
-360
-314
-314
-363
-328
-322
-328
-331
-368
-343
-344
-335
-298
-360
-292
-256
-298
-342
-255
-272
-296
-322
-273
-258
-305
-334
-330
-243
-296
-250
-268
-290
-340
-311
-328
-332
-362
-321
-297
-311
-240
-231
-278
-288
-260
-360
-288
-284
-304
-260
-312
-252
-352
-324
-363
-257
-352
-321
-332
-362
-316
-318
-352
-357
-360
-314
-314
-363
-328
-322
-328
-331
-368
-343
-344
-335
-298
-360
-292
-256
-298
-342
-255
-272
-296
-322
-273
-258
-305
-334
-330
-243
-296
-250
-268
-290
-324
-340
-277
-406
-290
-282
-286
-306
-311
-302
-242
-260
-303
-252
-288
-284
-304
-260
-312
-252
-352
-324
-363
-257
-352
-321
-332
-362
-316
-318
-352
-357
-360
-314
-314
-363
-328
-322
-328
-331
-368
-343
-344
-335
-298
-360
-292
-256
-298
-342
-255
-272
-296
-322
-273
-258
-305
-334
-330
-243
-296
-250
-268
-290
-340
-311
-328
-332
-362
-321
-297
-311
-240
-231
-278
-260
-303
-252
-288
-284
-304
-260
-312
-252
-352
-324
-363
-257
-352
-321
-332
-362
-316
-318
-352
-357
-360
-314
-314
-363
-328
-322
-328
-331
-368
-343
-344
-335
-298
-360
-292
-256
-298
-342
-255
-272
-296
-322
-273
-258
-305
-334
-330
-243
-296
-15584247
1409286399
-48603
-324
-340
-277
-406
-290
-282
-286
-306
-311
-302
-242
-260
-303
-252
-288
-284
-304
-260
-312
-252
-352
-324
-363
-257
-352
-321
-332
-362
-316
-318
-352
-357
-360
-314
-314
-363
-328
-322
-328
-331
-368
-343
-344
-335
-298
-360
-292
-256
-298
-342
-255
-272
-296
-322
-273
-258
-305
-334
-330
-243
-296
-250
-268
-290
-340
-311
-328
-332
-362
-321
-297
-311
-311
-302
-242
-260
-303
-252
-288
-284
-304
-260
-312
-252
-352
-324
-363
-257
-352
-321
-332
-362
-316
-318
-352
-357
-360
-314
-314
-363
-328
-322
-328
-331
-368
-343
-344
-335
-298
-360
-292
-256
-298
-342
-255
-272
-296
-322
-273
-258
-305
-334
-330
-243
-296
-250
-268
-290
-340
-311
-328
-332
-362
-321
-297
-311
-240
-231
-278
-288
-260
-360
-330
-297
-334
-304
-408
-252
-352
-324
-363
-257
-352
-321
-332
-362
-316
-318
-352
-357
-360
-314
-314
-363
-328
-322
-328
-331
-368
-343
-344
-335
-298
-360
-292
-256
-298
-342
-255
-272
-296
-322
-273
-258
-305
-334
-330
-243
-296
-250
-268
-290
-340
-311
-328
-332
-362
-282
-286
-306
-311
-302
-242
-260
-303
-252
-288
-284
-304
-260
-312
-252
-352
-324
-363
-257
-352
-321
-332
-362
-316
-318
-352
-357
-360
-314
-314
-363
-328
-322
-328
-331
-368
-343
-344
-335
-298
-360
-292
-256
-298
-342
-255
-272
-296
-322
-273
-258
-305
-334
-330
-243
-296
-250
-268
-290
-340
-311
-328
-332
-362
-321
-297
-311
-240
-231
-278
-288
-260
-360
-330
-297
-304
-260
-312
-252
-352
-324
-363
-257
-352
-321
-332
-362
-316
-318
-352
-357
-360
-314
-314
-363
-328
-322
-328
-331
-368
-343
-344
-335
-298
-360
-292
-256
-298
-342
-255
-272
-296
-322
-273
-258
-305
-334
-330
-243
-296
-250
-268
-290
-340
-311
-277
-406
-290
-282
-286
-306
-311
-302
-242
-260
-303
-252
-288
-284
-304
-260
-312
-252
-352
-324
-363
-257
-352
-321
-332
-362
-316
-318
-352
-357
-360
-314
-314
-363
-328
-322
-328
-331
-368
-343
-344
-335
-298
-360
-292
-256
-298
-342
-255
-272
-296
-322
-273
-258
-305
-334
-330
-243
-296
-250
-268
-290
-340
-311
-328
-332
-362
-321
-297
-311
-240
-231
-278
-288
-260
-252
-288
-284
-304
-260
-312
-252
-352
-324
-363
-257
-352
-321
-332
-362
-316
-318
-352
-357
-360
-314
-314
-363
-328
-322
-328
-331
-368
-343
-344
-335
-298
-360
-292
-256
-298
-342
-255
-272
-296
-322
-273
-258
-305
-334
-330
-243
-296
-250
-268
-48603
-324
-340
-277
-406
-290
-282
-286
-306
-311
-302
-242
-260
-303
-252
-288
-284
-304
-260
-312
-252
-352
-324
-363
-257
-352
-321
-332
-362
-316
-318
-352
-357
-360
-314
-314
-363
-328
-322
-328
-331
-368
-343
-344
-335
-298
-360
-292
-256
-298
-342
-255
-272
-296
-322
-273
-258
-305
-334
-330
-243
-296
-250
-268
-290
-340
-311
-328
-332
-362
-321
-297
-311
-240
-231
-242
-260
-303
-252
-288
-284
-304
-260
-312
-252
-352
-324
-363
-257
-352
-321
-332
-362
-316
-318
-352
-357
-360
-314
-314
-363
-328
-322
-328
-331
-368
-343
-344
-335
-298
-360
-292
-256
-298
-342
-255
-272
-296
-322
-273
-258
-305
-334
-330
-243
-1740567297
-15584247
1409286399
-48603
-324
-340
-277
-406
-290
-282
-286
-306
-311
-302
-242
-260
-303
-252
-288
-284
-304
-260
-312
-252
-352
-324
-363
-257
-352
-321
-332
-362
-316
-318
-352
-357
-360
-314
-314
-363
-328
-322
-328
-331
-368
-343
-344
-335
-298
-360
-292
-256
-298
-342
-255
-272
-296
-322
-273
-258
-305
-334
-330
-243
-296
-250
-268
-290
